7.413154095e-02 -7.179751992e-02 0.000000000e+00 1.016984880e-01 
7.413154095e-02 -7.179751992e-02 0.000000000e+00 1.016984880e-01 
7.413154095e-02 -7.179751992e-02 0.000000000e+00 1.016984880e-01 
7.413154095e-02 -7.179751992e-02 0.000000000e+00 1.016984880e-01 
7.413154095e-02 -7.179751992e-02 0.000000000e+00 1.016984880e-01 
7.413154095e-02 -7.179751992e-02 0.000000000e+00 1.016984880e-01 
7.413154095e-02 -7.179751992e-02 0.000000000e+00 1.016984880e-01 
7.413154095e-02 -7.179751992e-02 0.000000000e+00 1.016984880e-01 
7.413154095e-02 -7.179751992e-02 0.000000000e+00 1.016984880e-01 
7.413154095e-02 -7.179751992e-02 0.000000000e+00 1.016984880e-01 
7.413154095e-02 -7.179751992e-02 0.000000000e+00 1.016984880e-01 
7.413154095e-02 -7.179751992e-02 0.000000000e+00 1.016984880e-01 
7.413154095e-02 -7.179751992e-02 0.000000000e+00 1.016984880e-01 
7.413154095e-02 -7.179751992e-02 0.000000000e+00 1.016984880e-01 
7.413154095e-02 -7.179751992e-02 0.000000000e+00 1.016984880e-01 
7.413154095e-02 -7.179751992e-02 0.000000000e+00 1.016984880e-01 
7.413154095e-02 -7.179751992e-02 0.000000000e+00 1.016984880e-01 
7.413154095e-02 -7.179751992e-02 0.000000000e+00 1.016984880e-01 
7.413154095e-02 -7.179751992e-02 0.000000000e+00 1.016984880e-01 
7.413154095e-02 -7.179751992e-02 0.000000000e+00 1.016984880e-01 
7.413154095e-02 -7.179751992e-02 0.000000000e+00 1.016984880e-01 
7.413154095e-02 -7.179751992e-02 0.000000000e+00 1.016984880e-01 
7.413154095e-02 -7.179751992e-02 0.000000000e+00 1.016984880e-01 
7.413154095e-02 -7.179751992e-02 0.000000000e+00 1.016984880e-01 
7.413154095e-02 -7.179751992e-02 0.000000000e+00 1.016984880e-01 
7.413154095e-02 -7.179751992e-02 0.000000000e+00 1.016984880e-01 
7.413154095e-02 -7.179751992e-02 0.000000000e+00 1.016984880e-01 
7.413154095e-02 -7.179751992e-02 0.000000000e+00 1.016984880e-01 
7.413154095e-02 -7.179751992e-02 0.000000000e+00 1.016984880e-01 
7.413154095e-02 -7.179751992e-02 0.000000000e+00 1.016984880e-01 
7.413154095e-02 -7.179751992e-02 0.000000000e+00 1.016984880e-01 
7.413154095e-02 -7.179751992e-02 0.000000000e+00 1.016984880e-01 
7.413154095e-02 -7.179751992e-02 0.000000000e+00 1.016984880e-01 
7.413154095e-02 -7.179751992e-02 0.000000000e+00 1.016984880e-01 
7.413154095e-02 -7.179751992e-02 0.000000000e+00 1.016984880e-01 
7.413154095e-02 -7.179751992e-02 0.000000000e+00 1.016984880e-01 
7.413154095e-02 -7.179751992e-02 0.000000000e+00 1.016984880e-01 
7.413154095e-02 -7.179751992e-02 0.000000000e+00 1.016984880e-01 
7.413154095e-02 -7.179751992e-02 0.000000000e+00 1.016984880e-01 
7.413154095e-02 -7.179751992e-02 0.000000000e+00 1.016984880e-01 
7.413154095e-02 -7.179751992e-02 0.000000000e+00 1.016984880e-01 
7.413154095e-02 -7.179751992e-02 0.000000000e+00 1.016984880e-01 
7.413154095e-02 -7.179751992e-02 0.000000000e+00 1.016984880e-01 
7.413154095e-02 -7.179751992e-02 0.000000000e+00 1.016984880e-01 
7.413154095e-02 -7.179751992e-02 0.000000000e+00 1.016984880e-01 
7.413154095e-02 -7.179751992e-02 0.000000000e+00 1.016984880e-01 
7.413154095e-02 -7.179751992e-02 0.000000000e+00 1.016984880e-01 
7.413154095e-02 -7.179751992e-02 0.000000000e+00 1.016984880e-01 
7.413154095e-02 -7.179751992e-02 0.000000000e+00 1.016984880e-01 
7.413154095e-02 -7.179751992e-02 0.000000000e+00 1.016984880e-01 
7.413154095e-02 -7.179751992e-02 0.000000000e+00 1.016984880e-01 
7.413154095e-02 -7.179751992e-02 0.000000000e+00 1.016984880e-01 
7.413154095e-02 -7.179751992e-02 0.000000000e+00 1.016984880e-01 
7.413154095e-02 -7.179751992e-02 0.000000000e+00 1.016984880e-01 
7.413154095e-02 -7.179751992e-02 0.000000000e+00 1.016984880e-01 
7.413154095e-02 -7.179751992e-02 0.000000000e+00 1.016984880e-01 
7.413154095e-02 -7.179751992e-02 0.000000000e+00 1.016984880e-01 
7.413154095e-02 -7.179751992e-02 0.000000000e+00 1.016984880e-01 
7.413154095e-02 -7.179751992e-02 0.000000000e+00 1.016984880e-01 
7.413154095e-02 -7.179751992e-02 0.000000000e+00 1.016984880e-01 
7.413154095e-02 -7.179751992e-02 0.000000000e+00 1.016984880e-01 
7.413154095e-02 -7.179751992e-02 0.000000000e+00 1.016984880e-01 
7.413154095e-02 -7.179751992e-02 0.000000000e+00 1.016984880e-01 
7.413154095e-02 -7.179751992e-02 0.000000000e+00 1.016984880e-01 
