0.230713 -0.229577 -0.000000 0.325188
0.230713 -0.229577 -0.000000 0.325188
0.230713 -0.229577 -0.000000 0.325188
0.230713 -0.229577 -0.000000 0.325188
0.230713 -0.229577 -0.000000 0.325188
0.230713 -0.229577 -0.000000 0.325188
0.230713 -0.229577 -0.000000 0.325188
0.230713 -0.229577 -0.000000 0.325188
0.230713 -0.229577 -0.000000 0.325188
0.230713 -0.229577 -0.000000 0.325188
0.230713 -0.229577 -0.000000 0.325188
0.230713 -0.229577 -0.000000 0.325188
0.230713 -0.229577 -0.000000 0.325188
0.230713 -0.229577 -0.000000 0.325188
0.230713 -0.229577 -0.000000 0.325188
0.230713 -0.229577 -0.000000 0.325188
0.230713 -0.229577 -0.000000 0.325188
0.230713 -0.229577 -0.000000 0.325188
0.230713 -0.229577 -0.000000 0.325188
0.230713 -0.229577 -0.000000 0.325188
0.230713 -0.229577 -0.000000 0.325188
0.230713 -0.229577 -0.000000 0.325188
0.230713 -0.229577 -0.000000 0.325188
0.230713 -0.229577 -0.000000 0.325188
0.230713 -0.229577 -0.000000 0.325188
0.230713 -0.229577 -0.000000 0.325188
0.230713 -0.229577 -0.000000 0.325188
0.230713 -0.229577 -0.000000 0.325188
0.230713 -0.229577 -0.000000 0.325188
0.230713 -0.229577 -0.000000 0.325188
0.230713 -0.229577 -0.000000 0.325188
0.230713 -0.229577 -0.000000 0.325188
0.230713 -0.229577 -0.000000 0.325188
0.230713 -0.229577 -0.000000 0.325188
0.230713 -0.229577 -0.000000 0.325188
0.230713 -0.229577 -0.000000 0.325188
0.230713 -0.229577 -0.000000 0.325188
0.230713 -0.229577 -0.000000 0.325188
0.230713 -0.229577 -0.000000 0.325188
0.230713 -0.229577 -0.000000 0.325188
0.230713 -0.229577 -0.000000 0.325188
0.230713 -0.229577 -0.000000 0.325188
0.230713 -0.229577 -0.000000 0.325188
0.230713 -0.229577 -0.000000 0.325188
0.230713 -0.229577 -0.000000 0.325188
0.230713 -0.229577 -0.000000 0.325188
0.230713 -0.229577 -0.000000 0.325188
0.230713 -0.229577 -0.000000 0.325188
0.230713 -0.229577 -0.000000 0.325188
0.230713 -0.229577 -0.000000 0.325188
0.230713 -0.229577 -0.000000 0.325188
0.230713 -0.229577 -0.000000 0.325188
0.230713 -0.229577 -0.000000 0.325188
0.230713 -0.229577 -0.000000 0.325188
0.230713 -0.229577 -0.000000 0.325188
0.230713 -0.229577 -0.000000 0.325188
0.230713 -0.229577 -0.000000 0.325188
0.230713 -0.229577 -0.000000 0.325188
0.230713 -0.229577 -0.000000 0.325188
0.230713 -0.229577 -0.000000 0.325188
0.230713 -0.229577 -0.000000 0.325188
0.230713 -0.229577 -0.000000 0.325188
0.230713 -0.229577 -0.000000 0.325188
0.230713 -0.229577 -0.000000 0.325188
