0.250471 0.251496 0.352825 0.000000
0.247488 0.248500 -0.352825 0.000000
1.000000 1.000000 1.000000 1.000000
-0.882818 -0.882818 0.890055 0.890055
-0.000000 0.000000 1.175911 -1.190084
1.250479 -1.251620 0.000000 0.000000
0.210843 -0.209174 -0.000000 0.296287
0.210843 -0.209174 -0.000000 0.296287
0.210843 -0.209174 -0.000000 0.296287
0.210843 -0.209174 -0.000000 0.296287
0.210843 -0.209174 -0.000000 0.296287
0.210843 -0.209174 -0.000000 0.296287
0.210843 -0.209174 -0.000000 0.296287
0.210843 -0.209174 -0.000000 0.296287
0.210843 -0.209174 -0.000000 0.296287
0.210843 -0.209174 -0.000000 0.296287
0.210843 -0.209174 -0.000000 0.296287
0.210843 -0.209174 -0.000000 0.296287
0.210843 -0.209174 -0.000000 0.296287
0.210843 -0.209174 -0.000000 0.296287
0.210843 -0.209174 -0.000000 0.296287
0.210843 -0.209174 -0.000000 0.296287
0.210843 -0.209174 -0.000000 0.296287
0.210843 -0.209174 -0.000000 0.296287
0.210843 -0.209174 -0.000000 0.296287
0.210843 -0.209174 -0.000000 0.296287
0.210843 -0.209174 -0.000000 0.296287
0.210843 -0.209174 -0.000000 0.296287
0.210843 -0.209174 -0.000000 0.296287
0.210843 -0.209174 -0.000000 0.296287
0.210843 -0.209174 -0.000000 0.296287
0.210843 -0.209174 -0.000000 0.296287
0.210843 -0.209174 -0.000000 0.296287
0.210843 -0.209174 -0.000000 0.296287
0.210843 -0.209174 -0.000000 0.296287
0.210843 -0.209174 -0.000000 0.296287
0.210843 -0.209174 -0.000000 0.296287
0.210843 -0.209174 -0.000000 0.296287
0.210843 -0.209174 -0.000000 0.296287
0.210843 -0.209174 -0.000000 0.296287
0.210843 -0.209174 -0.000000 0.296287
0.210843 -0.209174 -0.000000 0.296287
0.210843 -0.209174 -0.000000 0.296287
0.210843 -0.209174 -0.000000 0.296287
0.210843 -0.209174 -0.000000 0.296287
0.210843 -0.209174 -0.000000 0.296287
0.210843 -0.209174 -0.000000 0.296287
0.210843 -0.209174 -0.000000 0.296287
0.210843 -0.209174 -0.000000 0.296287
0.210843 -0.209174 -0.000000 0.296287
0.210843 -0.209174 -0.000000 0.296287
0.210843 -0.209174 -0.000000 0.296287
0.210843 -0.209174 -0.000000 0.296287
0.210843 -0.209174 -0.000000 0.296287
0.210843 -0.209174 -0.000000 0.296287
0.210843 -0.209174 -0.000000 0.296287
0.210843 -0.209174 -0.000000 0.296287
0.210843 -0.209174 -0.000000 0.296287
0.210843 -0.209174 -0.000000 0.296287
0.210843 -0.209174 -0.000000 0.296287
0.210843 -0.209174 -0.000000 0.296287
0.210843 -0.209174 -0.000000 0.296287
0.210843 -0.209174 -0.000000 0.296287
0.210843 -0.209174 -0.000000 0.296287
0.210843 -0.209174 -0.000000 0.296287
0.210843 -0.209174 -0.000000 0.296287
0.210843 -0.209174 -0.000000 0.296287
0.210843 -0.209174 -0.000000 0.296287
0.210843 -0.209174 -0.000000 0.296287
0.210843 -0.209174 -0.000000 0.296287
