0.245026 -0.244011 -0.000000 0.345633
0.245026 -0.244011 -0.000000 0.345633
0.245026 -0.244011 -0.000000 0.345633
0.245026 -0.244011 -0.000000 0.345633
0.245026 -0.244011 -0.000000 0.345633
0.245026 -0.244011 -0.000000 0.345633
0.245026 -0.244011 -0.000000 0.345633
0.245026 -0.244011 -0.000000 0.345633
0.245026 -0.244011 -0.000000 0.345633
0.245026 -0.244011 -0.000000 0.345633
0.245026 -0.244011 -0.000000 0.345633
0.245026 -0.244011 -0.000000 0.345633
0.245026 -0.244011 -0.000000 0.345633
0.245026 -0.244011 -0.000000 0.345633
0.245026 -0.244011 -0.000000 0.345633
0.245026 -0.244011 -0.000000 0.345633
0.245026 -0.244011 -0.000000 0.345633
0.245026 -0.244011 -0.000000 0.345633
0.245026 -0.244011 -0.000000 0.345633
0.245026 -0.244011 -0.000000 0.345633
0.245026 -0.244011 -0.000000 0.345633
0.245026 -0.244011 -0.000000 0.345633
0.245026 -0.244011 -0.000000 0.345633
0.245026 -0.244011 -0.000000 0.345633
0.245026 -0.244011 -0.000000 0.345633
0.245026 -0.244011 -0.000000 0.345633
0.245026 -0.244011 -0.000000 0.345633
0.245026 -0.244011 -0.000000 0.345633
0.245026 -0.244011 -0.000000 0.345633
0.245026 -0.244011 -0.000000 0.345633
0.245026 -0.244011 -0.000000 0.345633
0.245026 -0.244011 -0.000000 0.345633
0.245026 -0.244011 -0.000000 0.345633
0.245026 -0.244011 -0.000000 0.345633
0.245026 -0.244011 -0.000000 0.345633
0.245026 -0.244011 -0.000000 0.345633
0.245026 -0.244011 -0.000000 0.345633
0.245026 -0.244011 -0.000000 0.345633
0.245026 -0.244011 -0.000000 0.345633
0.245026 -0.244011 -0.000000 0.345633
0.245026 -0.244011 -0.000000 0.345633
0.245026 -0.244011 -0.000000 0.345633
0.245026 -0.244011 -0.000000 0.345633
0.245026 -0.244011 -0.000000 0.345633
0.245026 -0.244011 -0.000000 0.345633
0.245026 -0.244011 -0.000000 0.345633
0.245026 -0.244011 -0.000000 0.345633
0.245026 -0.244011 -0.000000 0.345633
0.245026 -0.244011 -0.000000 0.345633
0.245026 -0.244011 -0.000000 0.345633
0.245026 -0.244011 -0.000000 0.345633
0.245026 -0.244011 -0.000000 0.345633
0.245026 -0.244011 -0.000000 0.345633
0.245026 -0.244011 -0.000000 0.345633
0.245026 -0.244011 -0.000000 0.345633
0.245026 -0.244011 -0.000000 0.345633
0.245026 -0.244011 -0.000000 0.345633
0.245026 -0.244011 -0.000000 0.345633
0.245026 -0.244011 -0.000000 0.345633
0.245026 -0.244011 -0.000000 0.345633
0.245026 -0.244011 -0.000000 0.345633
0.245026 -0.244011 -0.000000 0.345633
0.245026 -0.244011 -0.000000 0.345633
0.245026 -0.244011 -0.000000 0.345633
