0.251135 -0.250112 -0.000000 0.354274
0.250906 -0.249884 0.000000 -0.354274
1.000000 1.000000 1.000000 1.000000
-0.940300 -0.940300 0.948008 0.948008
-0.000000 0.000000 1.292443 -1.308021
1.331900 -1.333115 0.000000 0.000000
0.230713 -0.229577 -0.000000 0.325188
0.230713 -0.229577 -0.000000 0.325188
0.230713 -0.229577 -0.000000 0.325188
0.230713 -0.229577 -0.000000 0.325188
0.230713 -0.229577 -0.000000 0.325188
0.230713 -0.229577 -0.000000 0.325188
0.230713 -0.229577 -0.000000 0.325188
0.230713 -0.229577 -0.000000 0.325188
0.230713 -0.229577 -0.000000 0.325188
0.230713 -0.229577 -0.000000 0.325188
0.230713 -0.229577 -0.000000 0.325188
0.230713 -0.229577 -0.000000 0.325188
0.230713 -0.229577 -0.000000 0.325188
0.230713 -0.229577 -0.000000 0.325188
0.230713 -0.229577 -0.000000 0.325188
0.230713 -0.229577 -0.000000 0.325188
0.230713 -0.229577 -0.000000 0.325188
0.230713 -0.229577 -0.000000 0.325188
0.230713 -0.229577 -0.000000 0.325188
0.230713 -0.229577 -0.000000 0.325188
0.230713 -0.229577 -0.000000 0.325188
0.230713 -0.229577 -0.000000 0.325188
0.230713 -0.229577 -0.000000 0.325188
0.230713 -0.229577 -0.000000 0.325188
0.230713 -0.229577 -0.000000 0.325188
0.230713 -0.229577 -0.000000 0.325188
0.230713 -0.229577 -0.000000 0.325188
0.230713 -0.229577 -0.000000 0.325188
0.230713 -0.229577 -0.000000 0.325188
0.230713 -0.229577 -0.000000 0.325188
0.230713 -0.229577 -0.000000 0.325188
0.230713 -0.229577 -0.000000 0.325188
0.230713 -0.229577 -0.000000 0.325188
0.230713 -0.229577 -0.000000 0.325188
0.230713 -0.229577 -0.000000 0.325188
0.230713 -0.229577 -0.000000 0.325188
0.230713 -0.229577 -0.000000 0.325188
0.230713 -0.229577 -0.000000 0.325188
0.230713 -0.229577 -0.000000 0.325188
0.230713 -0.229577 -0.000000 0.325188
0.230713 -0.229577 -0.000000 0.325188
0.230713 -0.229577 -0.000000 0.325188
0.230713 -0.229577 -0.000000 0.325188
0.230713 -0.229577 -0.000000 0.325188
0.230713 -0.229577 -0.000000 0.325188
0.230713 -0.229577 -0.000000 0.325188
0.230713 -0.229577 -0.000000 0.325188
0.230713 -0.229577 -0.000000 0.325188
0.230713 -0.229577 -0.000000 0.325188
0.230713 -0.229577 -0.000000 0.325188
0.230713 -0.229577 -0.000000 0.325188
0.230713 -0.229577 -0.000000 0.325188
0.230713 -0.229577 -0.000000 0.325188
0.230713 -0.229577 -0.000000 0.325188
0.230713 -0.229577 -0.000000 0.325188
0.230713 -0.229577 -0.000000 0.325188
0.230713 -0.229577 -0.000000 0.325188
0.230713 -0.229577 -0.000000 0.325188
0.230713 -0.229577 -0.000000 0.325188
0.230713 -0.229577 -0.000000 0.325188
0.230713 -0.229577 -0.000000 0.325188
0.230713 -0.229577 -0.000000 0.325188
0.230713 -0.229577 -0.000000 0.325188
0.230713 -0.229577 -0.000000 0.325188
