0.250471 0.251496 0.352825 0.000000
0.247488 0.248500 -0.352825 0.000000
1.000000 1.000000 1.000000 1.000000
-0.979618 -0.979618 0.987649 0.987649
-0.000000 0.000000 1.374234 -1.390798
1.387593 -1.388859 0.000000 0.000000
0.245026 -0.244011 -0.000000 0.345633
0.245026 -0.244011 -0.000000 0.345633
0.245026 -0.244011 -0.000000 0.345633
0.245026 -0.244011 -0.000000 0.345633
0.245026 -0.244011 -0.000000 0.345633
0.245026 -0.244011 -0.000000 0.345633
0.245026 -0.244011 -0.000000 0.345633
0.245026 -0.244011 -0.000000 0.345633
0.245026 -0.244011 -0.000000 0.345633
0.245026 -0.244011 -0.000000 0.345633
0.245026 -0.244011 -0.000000 0.345633
0.245026 -0.244011 -0.000000 0.345633
0.245026 -0.244011 -0.000000 0.345633
0.245026 -0.244011 -0.000000 0.345633
0.245026 -0.244011 -0.000000 0.345633
0.245026 -0.244011 -0.000000 0.345633
0.245026 -0.244011 -0.000000 0.345633
0.245026 -0.244011 -0.000000 0.345633
0.245026 -0.244011 -0.000000 0.345633
0.245026 -0.244011 -0.000000 0.345633
0.245026 -0.244011 -0.000000 0.345633
0.245026 -0.244011 -0.000000 0.345633
0.245026 -0.244011 -0.000000 0.345633
0.245026 -0.244011 -0.000000 0.345633
0.245026 -0.244011 -0.000000 0.345633
0.245026 -0.244011 -0.000000 0.345633
0.245026 -0.244011 -0.000000 0.345633
0.245026 -0.244011 -0.000000 0.345633
0.245026 -0.244011 -0.000000 0.345633
0.245026 -0.244011 -0.000000 0.345633
0.245026 -0.244011 -0.000000 0.345633
0.245026 -0.244011 -0.000000 0.345633
0.245026 -0.244011 -0.000000 0.345633
0.245026 -0.244011 -0.000000 0.345633
0.245026 -0.244011 -0.000000 0.345633
0.245026 -0.244011 -0.000000 0.345633
0.245026 -0.244011 -0.000000 0.345633
0.245026 -0.244011 -0.000000 0.345633
0.245026 -0.244011 -0.000000 0.345633
0.245026 -0.244011 -0.000000 0.345633
0.245026 -0.244011 -0.000000 0.345633
0.245026 -0.244011 -0.000000 0.345633
0.245026 -0.244011 -0.000000 0.345633
0.245026 -0.244011 -0.000000 0.345633
0.245026 -0.244011 -0.000000 0.345633
0.245026 -0.244011 -0.000000 0.345633
0.245026 -0.244011 -0.000000 0.345633
0.245026 -0.244011 -0.000000 0.345633
0.245026 -0.244011 -0.000000 0.345633
0.245026 -0.244011 -0.000000 0.345633
0.245026 -0.244011 -0.000000 0.345633
0.245026 -0.244011 -0.000000 0.345633
0.245026 -0.244011 -0.000000 0.345633
0.245026 -0.244011 -0.000000 0.345633
0.245026 -0.244011 -0.000000 0.345633
0.245026 -0.244011 -0.000000 0.345633
0.245026 -0.244011 -0.000000 0.345633
0.245026 -0.244011 -0.000000 0.345633
0.245026 -0.244011 -0.000000 0.345633
0.245026 -0.244011 -0.000000 0.345633
0.245026 -0.244011 -0.000000 0.345633
0.245026 -0.244011 -0.000000 0.345633
0.245026 -0.244011 -0.000000 0.345633
0.245026 -0.244011 -0.000000 0.345633
