1.944752932e-01 -1.935129017e-01 0.000000000e+00 2.741036117e-01 
1.944752932e-01 -1.935129017e-01 0.000000000e+00 2.741036117e-01 
1.944752932e-01 -1.935129017e-01 0.000000000e+00 2.741036117e-01 
1.944752932e-01 -1.935129017e-01 0.000000000e+00 2.741036117e-01 
1.944752932e-01 -1.935129017e-01 0.000000000e+00 2.741036117e-01 
1.944752932e-01 -1.935129017e-01 0.000000000e+00 2.741036117e-01 
1.944752932e-01 -1.935129017e-01 0.000000000e+00 2.741036117e-01 
1.944752932e-01 -1.935129017e-01 0.000000000e+00 2.741036117e-01 
1.944752932e-01 -1.935129017e-01 0.000000000e+00 2.741036117e-01 
1.944752932e-01 -1.935129017e-01 0.000000000e+00 2.741036117e-01 
1.944752932e-01 -1.935129017e-01 0.000000000e+00 2.741036117e-01 
1.944752932e-01 -1.935129017e-01 0.000000000e+00 2.741036117e-01 
1.944752932e-01 -1.935129017e-01 0.000000000e+00 2.741036117e-01 
1.944752932e-01 -1.935129017e-01 0.000000000e+00 2.741036117e-01 
1.944752932e-01 -1.935129017e-01 0.000000000e+00 2.741036117e-01 
1.944752932e-01 -1.935129017e-01 0.000000000e+00 2.741036117e-01 
1.944752932e-01 -1.935129017e-01 0.000000000e+00 2.741036117e-01 
1.944752932e-01 -1.935129017e-01 0.000000000e+00 2.741036117e-01 
1.944752932e-01 -1.935129017e-01 0.000000000e+00 2.741036117e-01 
1.944752932e-01 -1.935129017e-01 0.000000000e+00 2.741036117e-01 
1.944752932e-01 -1.935129017e-01 0.000000000e+00 2.741036117e-01 
1.944752932e-01 -1.935129017e-01 0.000000000e+00 2.741036117e-01 
1.944752932e-01 -1.935129017e-01 0.000000000e+00 2.741036117e-01 
1.944752932e-01 -1.935129017e-01 0.000000000e+00 2.741036117e-01 
1.944752932e-01 -1.935129017e-01 0.000000000e+00 2.741036117e-01 
1.944752932e-01 -1.935129017e-01 0.000000000e+00 2.741036117e-01 
1.944752932e-01 -1.935129017e-01 0.000000000e+00 2.741036117e-01 
1.944752932e-01 -1.935129017e-01 0.000000000e+00 2.741036117e-01 
1.944752932e-01 -1.935129017e-01 0.000000000e+00 2.741036117e-01 
1.944752932e-01 -1.935129017e-01 0.000000000e+00 2.741036117e-01 
1.944752932e-01 -1.935129017e-01 0.000000000e+00 2.741036117e-01 
1.944752932e-01 -1.935129017e-01 0.000000000e+00 2.741036117e-01 
1.944752932e-01 -1.935129017e-01 0.000000000e+00 2.741036117e-01 
1.944752932e-01 -1.935129017e-01 0.000000000e+00 2.741036117e-01 
1.944752932e-01 -1.935129017e-01 0.000000000e+00 2.741036117e-01 
1.944752932e-01 -1.935129017e-01 0.000000000e+00 2.741036117e-01 
1.944752932e-01 -1.935129017e-01 0.000000000e+00 2.741036117e-01 
1.944752932e-01 -1.935129017e-01 0.000000000e+00 2.741036117e-01 
1.944752932e-01 -1.935129017e-01 0.000000000e+00 2.741036117e-01 
1.944752932e-01 -1.935129017e-01 0.000000000e+00 2.741036117e-01 
1.944752932e-01 -1.935129017e-01 0.000000000e+00 2.741036117e-01 
1.944752932e-01 -1.935129017e-01 0.000000000e+00 2.741036117e-01 
1.944752932e-01 -1.935129017e-01 0.000000000e+00 2.741036117e-01 
1.944752932e-01 -1.935129017e-01 0.000000000e+00 2.741036117e-01 
1.944752932e-01 -1.935129017e-01 0.000000000e+00 2.741036117e-01 
1.944752932e-01 -1.935129017e-01 0.000000000e+00 2.741036117e-01 
1.944752932e-01 -1.935129017e-01 0.000000000e+00 2.741036117e-01 
1.944752932e-01 -1.935129017e-01 0.000000000e+00 2.741036117e-01 
1.944752932e-01 -1.935129017e-01 0.000000000e+00 2.741036117e-01 
1.944752932e-01 -1.935129017e-01 0.000000000e+00 2.741036117e-01 
1.944752932e-01 -1.935129017e-01 0.000000000e+00 2.741036117e-01 
1.944752932e-01 -1.935129017e-01 0.000000000e+00 2.741036117e-01 
1.944752932e-01 -1.935129017e-01 0.000000000e+00 2.741036117e-01 
1.944752932e-01 -1.935129017e-01 0.000000000e+00 2.741036117e-01 
1.944752932e-01 -1.935129017e-01 0.000000000e+00 2.741036117e-01 
1.944752932e-01 -1.935129017e-01 0.000000000e+00 2.741036117e-01 
1.944752932e-01 -1.935129017e-01 0.000000000e+00 2.741036117e-01 
1.944752932e-01 -1.935129017e-01 0.000000000e+00 2.741036117e-01 
1.944752932e-01 -1.935129017e-01 0.000000000e+00 2.741036117e-01 
1.944752932e-01 -1.935129017e-01 0.000000000e+00 2.741036117e-01 
1.944752932e-01 -1.935129017e-01 0.000000000e+00 2.741036117e-01 
1.944752932e-01 -1.935129017e-01 0.000000000e+00 2.741036117e-01 
1.944752932e-01 -1.935129017e-01 0.000000000e+00 2.741036117e-01 
1.944752932e-01 -1.935129017e-01 0.000000000e+00 2.741036117e-01 
