2.332270592e-01 -2.322608382e-01 0.000000000e+00 3.289885223e-01 
2.332270592e-01 -2.322608382e-01 0.000000000e+00 3.289885223e-01 
2.332270592e-01 -2.322608382e-01 0.000000000e+00 3.289885223e-01 
2.332270592e-01 -2.322608382e-01 0.000000000e+00 3.289885223e-01 
2.332270592e-01 -2.322608382e-01 0.000000000e+00 3.289885223e-01 
2.332270592e-01 -2.322608382e-01 0.000000000e+00 3.289885223e-01 
2.332270592e-01 -2.322608382e-01 0.000000000e+00 3.289885223e-01 
2.332270592e-01 -2.322608382e-01 0.000000000e+00 3.289885223e-01 
2.332270592e-01 -2.322608382e-01 0.000000000e+00 3.289885223e-01 
2.332270592e-01 -2.322608382e-01 0.000000000e+00 3.289885223e-01 
2.332270592e-01 -2.322608382e-01 0.000000000e+00 3.289885223e-01 
2.332270592e-01 -2.322608382e-01 0.000000000e+00 3.289885223e-01 
2.332270592e-01 -2.322608382e-01 0.000000000e+00 3.289885223e-01 
2.332270592e-01 -2.322608382e-01 0.000000000e+00 3.289885223e-01 
2.332270592e-01 -2.322608382e-01 0.000000000e+00 3.289885223e-01 
2.332270592e-01 -2.322608382e-01 0.000000000e+00 3.289885223e-01 
2.332270592e-01 -2.322608382e-01 0.000000000e+00 3.289885223e-01 
2.332270592e-01 -2.322608382e-01 0.000000000e+00 3.289885223e-01 
2.332270592e-01 -2.322608382e-01 0.000000000e+00 3.289885223e-01 
2.332270592e-01 -2.322608382e-01 0.000000000e+00 3.289885223e-01 
2.332270592e-01 -2.322608382e-01 0.000000000e+00 3.289885223e-01 
2.332270592e-01 -2.322608382e-01 0.000000000e+00 3.289885223e-01 
2.332270592e-01 -2.322608382e-01 0.000000000e+00 3.289885223e-01 
2.332270592e-01 -2.322608382e-01 0.000000000e+00 3.289885223e-01 
2.332270592e-01 -2.322608382e-01 0.000000000e+00 3.289885223e-01 
2.332270592e-01 -2.322608382e-01 0.000000000e+00 3.289885223e-01 
2.332270592e-01 -2.322608382e-01 0.000000000e+00 3.289885223e-01 
2.332270592e-01 -2.322608382e-01 0.000000000e+00 3.289885223e-01 
2.332270592e-01 -2.322608382e-01 0.000000000e+00 3.289885223e-01 
2.332270592e-01 -2.322608382e-01 0.000000000e+00 3.289885223e-01 
2.332270592e-01 -2.322608382e-01 0.000000000e+00 3.289885223e-01 
2.332270592e-01 -2.322608382e-01 0.000000000e+00 3.289885223e-01 
2.332270592e-01 -2.322608382e-01 0.000000000e+00 3.289885223e-01 
2.332270592e-01 -2.322608382e-01 0.000000000e+00 3.289885223e-01 
2.332270592e-01 -2.322608382e-01 0.000000000e+00 3.289885223e-01 
2.332270592e-01 -2.322608382e-01 0.000000000e+00 3.289885223e-01 
2.332270592e-01 -2.322608382e-01 0.000000000e+00 3.289885223e-01 
2.332270592e-01 -2.322608382e-01 0.000000000e+00 3.289885223e-01 
2.332270592e-01 -2.322608382e-01 0.000000000e+00 3.289885223e-01 
2.332270592e-01 -2.322608382e-01 0.000000000e+00 3.289885223e-01 
2.332270592e-01 -2.322608382e-01 0.000000000e+00 3.289885223e-01 
2.332270592e-01 -2.322608382e-01 0.000000000e+00 3.289885223e-01 
2.332270592e-01 -2.322608382e-01 0.000000000e+00 3.289885223e-01 
2.332270592e-01 -2.322608382e-01 0.000000000e+00 3.289885223e-01 
2.332270592e-01 -2.322608382e-01 0.000000000e+00 3.289885223e-01 
2.332270592e-01 -2.322608382e-01 0.000000000e+00 3.289885223e-01 
2.332270592e-01 -2.322608382e-01 0.000000000e+00 3.289885223e-01 
2.332270592e-01 -2.322608382e-01 0.000000000e+00 3.289885223e-01 
2.332270592e-01 -2.322608382e-01 0.000000000e+00 3.289885223e-01 
2.332270592e-01 -2.322608382e-01 0.000000000e+00 3.289885223e-01 
2.332270592e-01 -2.322608382e-01 0.000000000e+00 3.289885223e-01 
2.332270592e-01 -2.322608382e-01 0.000000000e+00 3.289885223e-01 
2.332270592e-01 -2.322608382e-01 0.000000000e+00 3.289885223e-01 
2.332270592e-01 -2.322608382e-01 0.000000000e+00 3.289885223e-01 
2.332270592e-01 -2.322608382e-01 0.000000000e+00 3.289885223e-01 
2.332270592e-01 -2.322608382e-01 0.000000000e+00 3.289885223e-01 
2.332270592e-01 -2.322608382e-01 0.000000000e+00 3.289885223e-01 
2.332270592e-01 -2.322608382e-01 0.000000000e+00 3.289885223e-01 
2.332270592e-01 -2.322608382e-01 0.000000000e+00 3.289885223e-01 
2.332270592e-01 -2.322608382e-01 0.000000000e+00 3.289885223e-01 
2.332270592e-01 -2.322608382e-01 0.000000000e+00 3.289885223e-01 
2.332270592e-01 -2.322608382e-01 0.000000000e+00 3.289885223e-01 
2.332270592e-01 -2.322608382e-01 0.000000000e+00 3.289885223e-01 
2.332270592e-01 -2.322608382e-01 0.000000000e+00 3.289885223e-01 
