1.478129923e-01 -1.466049105e-01 0.000000000e+00 2.076602131e-01 
1.478129923e-01 -1.466049105e-01 0.000000000e+00 2.076602131e-01 
1.478129923e-01 -1.466049105e-01 0.000000000e+00 2.076602131e-01 
1.478129923e-01 -1.466049105e-01 0.000000000e+00 2.076602131e-01 
1.478129923e-01 -1.466049105e-01 0.000000000e+00 2.076602131e-01 
1.478129923e-01 -1.466049105e-01 0.000000000e+00 2.076602131e-01 
1.478129923e-01 -1.466049105e-01 0.000000000e+00 2.076602131e-01 
1.478129923e-01 -1.466049105e-01 0.000000000e+00 2.076602131e-01 
1.478129923e-01 -1.466049105e-01 0.000000000e+00 2.076602131e-01 
1.478129923e-01 -1.466049105e-01 0.000000000e+00 2.076602131e-01 
1.478129923e-01 -1.466049105e-01 0.000000000e+00 2.076602131e-01 
1.478129923e-01 -1.466049105e-01 0.000000000e+00 2.076602131e-01 
1.478129923e-01 -1.466049105e-01 0.000000000e+00 2.076602131e-01 
1.478129923e-01 -1.466049105e-01 0.000000000e+00 2.076602131e-01 
1.478129923e-01 -1.466049105e-01 0.000000000e+00 2.076602131e-01 
1.478129923e-01 -1.466049105e-01 0.000000000e+00 2.076602131e-01 
1.478129923e-01 -1.466049105e-01 0.000000000e+00 2.076602131e-01 
1.478129923e-01 -1.466049105e-01 0.000000000e+00 2.076602131e-01 
1.478129923e-01 -1.466049105e-01 0.000000000e+00 2.076602131e-01 
1.478129923e-01 -1.466049105e-01 0.000000000e+00 2.076602131e-01 
1.478129923e-01 -1.466049105e-01 0.000000000e+00 2.076602131e-01 
1.478129923e-01 -1.466049105e-01 0.000000000e+00 2.076602131e-01 
1.478129923e-01 -1.466049105e-01 0.000000000e+00 2.076602131e-01 
1.478129923e-01 -1.466049105e-01 0.000000000e+00 2.076602131e-01 
1.478129923e-01 -1.466049105e-01 0.000000000e+00 2.076602131e-01 
1.478129923e-01 -1.466049105e-01 0.000000000e+00 2.076602131e-01 
1.478129923e-01 -1.466049105e-01 0.000000000e+00 2.076602131e-01 
1.478129923e-01 -1.466049105e-01 0.000000000e+00 2.076602131e-01 
1.478129923e-01 -1.466049105e-01 0.000000000e+00 2.076602131e-01 
1.478129923e-01 -1.466049105e-01 0.000000000e+00 2.076602131e-01 
1.478129923e-01 -1.466049105e-01 0.000000000e+00 2.076602131e-01 
1.478129923e-01 -1.466049105e-01 0.000000000e+00 2.076602131e-01 
1.478129923e-01 -1.466049105e-01 0.000000000e+00 2.076602131e-01 
1.478129923e-01 -1.466049105e-01 0.000000000e+00 2.076602131e-01 
1.478129923e-01 -1.466049105e-01 0.000000000e+00 2.076602131e-01 
1.478129923e-01 -1.466049105e-01 0.000000000e+00 2.076602131e-01 
1.478129923e-01 -1.466049105e-01 0.000000000e+00 2.076602131e-01 
1.478129923e-01 -1.466049105e-01 0.000000000e+00 2.076602131e-01 
1.478129923e-01 -1.466049105e-01 0.000000000e+00 2.076602131e-01 
1.478129923e-01 -1.466049105e-01 0.000000000e+00 2.076602131e-01 
1.478129923e-01 -1.466049105e-01 0.000000000e+00 2.076602131e-01 
1.478129923e-01 -1.466049105e-01 0.000000000e+00 2.076602131e-01 
1.478129923e-01 -1.466049105e-01 0.000000000e+00 2.076602131e-01 
1.478129923e-01 -1.466049105e-01 0.000000000e+00 2.076602131e-01 
1.478129923e-01 -1.466049105e-01 0.000000000e+00 2.076602131e-01 
1.478129923e-01 -1.466049105e-01 0.000000000e+00 2.076602131e-01 
1.478129923e-01 -1.466049105e-01 0.000000000e+00 2.076602131e-01 
1.478129923e-01 -1.466049105e-01 0.000000000e+00 2.076602131e-01 
1.478129923e-01 -1.466049105e-01 0.000000000e+00 2.076602131e-01 
1.478129923e-01 -1.466049105e-01 0.000000000e+00 2.076602131e-01 
1.478129923e-01 -1.466049105e-01 0.000000000e+00 2.076602131e-01 
1.478129923e-01 -1.466049105e-01 0.000000000e+00 2.076602131e-01 
1.478129923e-01 -1.466049105e-01 0.000000000e+00 2.076602131e-01 
1.478129923e-01 -1.466049105e-01 0.000000000e+00 2.076602131e-01 
1.478129923e-01 -1.466049105e-01 0.000000000e+00 2.076602131e-01 
1.478129923e-01 -1.466049105e-01 0.000000000e+00 2.076602131e-01 
1.478129923e-01 -1.466049105e-01 0.000000000e+00 2.076602131e-01 
1.478129923e-01 -1.466049105e-01 0.000000000e+00 2.076602131e-01 
1.478129923e-01 -1.466049105e-01 0.000000000e+00 2.076602131e-01 
1.478129923e-01 -1.466049105e-01 0.000000000e+00 2.076602131e-01 
1.478129923e-01 -1.466049105e-01 0.000000000e+00 2.076602131e-01 
1.478129923e-01 -1.466049105e-01 0.000000000e+00 2.076602131e-01 
1.478129923e-01 -1.466049105e-01 0.000000000e+00 2.076602131e-01 
1.478129923e-01 -1.466049105e-01 0.000000000e+00 2.076602131e-01 
