64 0 0 0
0.250471 0.251496 0.352825 0.000000
0.247488 0.248500 -0.352825 0.000000
1.000000 1.000000 1.000000 1.000000
-0.746948 -0.746948 0.753071 0.753071
-0.000000 0.000000 0.915485 -0.926520
1.058024 -1.058990 0.000000 0.000000
0.168857 -0.164243 -0.000000 0.232645
0.168857 -0.164243 -0.000000 0.232645
0.168857 -0.164243 -0.000000 0.232645
0.168857 -0.164243 -0.000000 0.232645
0.168857 -0.164243 -0.000000 0.232645
0.168857 -0.164243 -0.000000 0.232645
0.168857 -0.164243 -0.000000 0.232645
0.168857 -0.164243 -0.000000 0.232645
0.168857 -0.164243 -0.000000 0.232645
0.168857 -0.164243 -0.000000 0.232645
0.168857 -0.164243 -0.000000 0.232645
0.168857 -0.164243 -0.000000 0.232645
0.168857 -0.164243 -0.000000 0.232645
0.168857 -0.164243 -0.000000 0.232645
0.168857 -0.164243 -0.000000 0.232645
0.168857 -0.164243 -0.000000 0.232645
0.168857 -0.164243 -0.000000 0.232645
0.168857 -0.164243 -0.000000 0.232645
0.168857 -0.164243 -0.000000 0.232645
0.168857 -0.164243 -0.000000 0.232645
0.168857 -0.164243 -0.000000 0.232645
0.168857 -0.164243 -0.000000 0.232645
0.168857 -0.164243 -0.000000 0.232645
0.168857 -0.164243 -0.000000 0.232645
0.168857 -0.164243 -0.000000 0.232645
0.168857 -0.164243 -0.000000 0.232645
0.168857 -0.164243 -0.000000 0.232645
0.168857 -0.164243 -0.000000 0.232645
0.168857 -0.164243 -0.000000 0.232645
0.168857 -0.164243 -0.000000 0.232645
0.168857 -0.164243 -0.000000 0.232645
0.168857 -0.164243 -0.000000 0.232645
0.168857 -0.164243 -0.000000 0.232645
0.168857 -0.164243 -0.000000 0.232645
0.168857 -0.164243 -0.000000 0.232645
0.168857 -0.164243 -0.000000 0.232645
0.168857 -0.164243 -0.000000 0.232645
0.168857 -0.164243 -0.000000 0.232645
0.168857 -0.164243 -0.000000 0.232645
0.168857 -0.164243 -0.000000 0.232645
0.168857 -0.164243 -0.000000 0.232645
0.168857 -0.164243 -0.000000 0.232645
0.168857 -0.164243 -0.000000 0.232645
0.168857 -0.164243 -0.000000 0.232645
0.168857 -0.164243 -0.000000 0.232645
0.168857 -0.164243 -0.000000 0.232645
0.168857 -0.164243 -0.000000 0.232645
0.168857 -0.164243 -0.000000 0.232645
0.168857 -0.164243 -0.000000 0.232645
0.168857 -0.164243 -0.000000 0.232645
0.168857 -0.164243 -0.000000 0.232645
0.168857 -0.164243 -0.000000 0.232645
0.168857 -0.164243 -0.000000 0.232645
0.168857 -0.164243 -0.000000 0.232645
0.168857 -0.164243 -0.000000 0.232645
0.168857 -0.164243 -0.000000 0.232645
0.168857 -0.164243 -0.000000 0.232645
0.168857 -0.164243 -0.000000 0.232645
0.168857 -0.164243 -0.000000 0.232645
0.168857 -0.164243 -0.000000 0.232645
0.168857 -0.164243 -0.000000 0.232645
0.168857 -0.164243 -0.000000 0.232645
0.168857 -0.164243 -0.000000 0.232645
0.168857 -0.164243 -0.000000 0.232645
