64 0 0 0
0.251135 -0.250112 -0.000000 0.354274
0.250906 -0.249884 0.000000 -0.354274
1.000000 1.000000 1.000000 1.000000
-0.746948 -0.746948 0.753071 0.753071
-0.000000 0.000000 0.915485 -0.926520
1.058024 -1.058990 0.000000 0.000000
0.168857 -0.164243 -0.000000 0.232645
0.168857 -0.164243 -0.000000 0.232645
0.168857 -0.164243 -0.000000 0.232645
0.168857 -0.164243 -0.000000 0.232645
0.168857 -0.164243 -0.000000 0.232645
0.168857 -0.164243 -0.000000 0.232645
0.168857 -0.164243 -0.000000 0.232645
0.168857 -0.164243 -0.000000 0.232645
0.168857 -0.164243 -0.000000 0.232645
0.168857 -0.164243 -0.000000 0.232645
0.168857 -0.164243 -0.000000 0.232645
0.168857 -0.164243 -0.000000 0.232645
0.168857 -0.164243 -0.000000 0.232645
0.168857 -0.164243 -0.000000 0.232645
0.168857 -0.164243 -0.000000 0.232645
0.168857 -0.164243 -0.000000 0.232645
0.168857 -0.164243 -0.000000 0.232645
0.168857 -0.164243 -0.000000 0.232645
0.168857 -0.164243 -0.000000 0.232645
0.168857 -0.164243 -0.000000 0.232645
0.168857 -0.164243 -0.000000 0.232645
0.168857 -0.164243 -0.000000 0.232645
0.168857 -0.164243 -0.000000 0.232645
0.168857 -0.164243 -0.000000 0.232645
0.168857 -0.164243 -0.000000 0.232645
0.168857 -0.164243 -0.000000 0.232645
0.168857 -0.164243 -0.000000 0.232645
0.168857 -0.164243 -0.000000 0.232645
0.168857 -0.164243 -0.000000 0.232645
0.168857 -0.164243 -0.000000 0.232645
0.168857 -0.164243 -0.000000 0.232645
0.168857 -0.164243 -0.000000 0.232645
0.168857 -0.164243 -0.000000 0.232645
0.168857 -0.164243 -0.000000 0.232645
0.168857 -0.164243 -0.000000 0.232645
0.168857 -0.164243 -0.000000 0.232645
0.168857 -0.164243 -0.000000 0.232645
0.168857 -0.164243 -0.000000 0.232645
0.168857 -0.164243 -0.000000 0.232645
0.168857 -0.164243 -0.000000 0.232645
0.168857 -0.164243 -0.000000 0.232645
0.168857 -0.164243 -0.000000 0.232645
0.168857 -0.164243 -0.000000 0.232645
0.168857 -0.164243 -0.000000 0.232645
0.168857 -0.164243 -0.000000 0.232645
0.168857 -0.164243 -0.000000 0.232645
0.168857 -0.164243 -0.000000 0.232645
0.168857 -0.164243 -0.000000 0.232645
0.168857 -0.164243 -0.000000 0.232645
0.168857 -0.164243 -0.000000 0.232645
0.168857 -0.164243 -0.000000 0.232645
0.168857 -0.164243 -0.000000 0.232645
0.168857 -0.164243 -0.000000 0.232645
0.168857 -0.164243 -0.000000 0.232645
0.168857 -0.164243 -0.000000 0.232645
0.168857 -0.164243 -0.000000 0.232645
0.168857 -0.164243 -0.000000 0.232645
0.168857 -0.164243 -0.000000 0.232645
0.168857 -0.164243 -0.000000 0.232645
0.168857 -0.164243 -0.000000 0.232645
0.168857 -0.164243 -0.000000 0.232645
0.168857 -0.164243 -0.000000 0.232645
0.168857 -0.164243 -0.000000 0.232645
0.168857 -0.164243 -0.000000 0.232645
