64 0 0 0
0.251135 -0.250112 -0.000000 0.354274
0.250906 -0.249884 0.000000 -0.354274
1.000000 1.000000 1.000000 1.000000
-0.979618 -0.979618 0.987649 0.987649
-0.000000 0.000000 1.374234 -1.390798
1.387593 -1.388859 0.000000 0.000000
0.245026 -0.244011 -0.000000 0.345633
0.245026 -0.244011 -0.000000 0.345633
0.245026 -0.244011 -0.000000 0.345633
0.245026 -0.244011 -0.000000 0.345633
0.245026 -0.244011 -0.000000 0.345633
0.245026 -0.244011 -0.000000 0.345633
0.245026 -0.244011 -0.000000 0.345633
0.245026 -0.244011 -0.000000 0.345633
0.245026 -0.244011 -0.000000 0.345633
0.245026 -0.244011 -0.000000 0.345633
0.245026 -0.244011 -0.000000 0.345633
0.245026 -0.244011 -0.000000 0.345633
0.245026 -0.244011 -0.000000 0.345633
0.245026 -0.244011 -0.000000 0.345633
0.245026 -0.244011 -0.000000 0.345633
0.245026 -0.244011 -0.000000 0.345633
0.245026 -0.244011 -0.000000 0.345633
0.245026 -0.244011 -0.000000 0.345633
0.245026 -0.244011 -0.000000 0.345633
0.245026 -0.244011 -0.000000 0.345633
0.245026 -0.244011 -0.000000 0.345633
0.245026 -0.244011 -0.000000 0.345633
0.245026 -0.244011 -0.000000 0.345633
0.245026 -0.244011 -0.000000 0.345633
0.245026 -0.244011 -0.000000 0.345633
0.245026 -0.244011 -0.000000 0.345633
0.245026 -0.244011 -0.000000 0.345633
0.245026 -0.244011 -0.000000 0.345633
0.245026 -0.244011 -0.000000 0.345633
0.245026 -0.244011 -0.000000 0.345633
0.245026 -0.244011 -0.000000 0.345633
0.245026 -0.244011 -0.000000 0.345633
0.245026 -0.244011 -0.000000 0.345633
0.245026 -0.244011 -0.000000 0.345633
0.245026 -0.244011 -0.000000 0.345633
0.245026 -0.244011 -0.000000 0.345633
0.245026 -0.244011 -0.000000 0.345633
0.245026 -0.244011 -0.000000 0.345633
0.245026 -0.244011 -0.000000 0.345633
0.245026 -0.244011 -0.000000 0.345633
0.245026 -0.244011 -0.000000 0.345633
0.245026 -0.244011 -0.000000 0.345633
0.245026 -0.244011 -0.000000 0.345633
0.245026 -0.244011 -0.000000 0.345633
0.245026 -0.244011 -0.000000 0.345633
0.245026 -0.244011 -0.000000 0.345633
0.245026 -0.244011 -0.000000 0.345633
0.245026 -0.244011 -0.000000 0.345633
0.245026 -0.244011 -0.000000 0.345633
0.245026 -0.244011 -0.000000 0.345633
0.245026 -0.244011 -0.000000 0.345633
0.245026 -0.244011 -0.000000 0.345633
0.245026 -0.244011 -0.000000 0.345633
0.245026 -0.244011 -0.000000 0.345633
0.245026 -0.244011 -0.000000 0.345633
0.245026 -0.244011 -0.000000 0.345633
0.245026 -0.244011 -0.000000 0.345633
0.245026 -0.244011 -0.000000 0.345633
0.245026 -0.244011 -0.000000 0.345633
0.245026 -0.244011 -0.000000 0.345633
0.245026 -0.244011 -0.000000 0.345633
0.245026 -0.244011 -0.000000 0.345633
0.245026 -0.244011 -0.000000 0.345633
0.245026 -0.244011 -0.000000 0.345633
